15.0
0.0
0.0
21.0
14.0
11.0
4.0
30.0
0.0
2.0
34.0
3.0
4.0
18.0
0.0
12.0
5.0
0.0
0.0
14.0
30.0
0.0
17.0
0.0
0.0
0.0
0.0
0.0
5.0
0.0
0.0
0.0
11.0
0.0
0.0
21.0
17.0
23.0
0.0
30.0
0.0
0.0
33.0
0.0
10.0
19.0
0.0
16.0
19.0
0.0
0.0
7.0
38.0
0.0
17.0
0.0
0.0
0.0
0.0
0.0
11.0
0.0
23.0
0.0
11.0
0.0
0.0
21.0
12.0
23.0
0.0
30.0
0.0
0.0
32.0
0.0
8.0
19.0
0.0
15.0
19.0
0.0
0.0
7.0
37.0
0.0
16.0
0.0
0.0
0.0
0.0
0.0
10.0
0.0
24.0
0.0
11.0
0.0
0.0
21.0
12.0
23.0
0.0
30.0
0.0
0.0
33.0
0.0
9.0
19.0
0.0
16.0
19.0
0.0
0.0
6.0
38.0
0.0
16.0
0.0
0.0
0.0
0.0
0.0
9.0
0.0
24.0
0.0
11.0
0.0
0.0
21.0
11.0
23.0
0.0
30.0
0.0
0.0
32.0
0.0
9.0
19.0
0.0
16.0
20.0
0.0
0.0
6.0
38.0
0.0
16.0
0.0
0.0
0.0
0.0
0.0
9.0
0.0
25.0
0.0
11.0
0.0
0.0
21.0
12.0
23.0
0.0
30.0
0.0
0.0
32.0
0.0
9.0
19.0
0.0
16.0
20.0
0.0
0.0
6.0
38.0
0.0
16.0
0.0
0.0
0.0
0.0
0.0
9.0
0.0
25.0
0.0
11.0
0.0
0.0
21.0
12.0
23.0
0.0
30.0
0.0
0.0
32.0
0.0
9.0
19.0
0.0
16.0
20.0
0.0
0.0
6.0
38.0
0.0
16.0
0.0
0.0
0.0
0.0
0.0
9.0
0.0
25.0
0.0
11.0
0.0
0.0
21.0
12.0
23.0
0.0
30.0
0.0
0.0
32.0
0.0
9.0
19.0
0.0
16.0
20.0
0.0
0.0
6.0
38.0
0.0
16.0
0.0
0.0
0.0
0.0
0.0
9.0
0.0
25.0
0.0
11.0
0.0
0.0
21.0
12.0
23.0
0.0
30.0
0.0
0.0
32.0
0.0
9.0
19.0
0.0
16.0
20.0
0.0
0.0
6.0
38.0
0.0
16.0
0.0
0.0
0.0
0.0
0.0
9.0
0.0
25.0
0.0
11.0
0.0
0.0
21.0
12.0
23.0
0.0
30.0
0.0
0.0
32.0
0.0
9.0
19.0
0.0
16.0
20.0
0.0
0.0
6.0
38.0
0.0
16.0
0.0
0.0
0.0
0.0
0.0
9.0
0.0
25.0
0.0
11.0
0.0
0.0
21.0
12.0
23.0
0.0
30.0
0.0
0.0
32.0
0.0
9.0
19.0
0.0
16.0
20.0
0.0
0.0
6.0
38.0
0.0
16.0
0.0
0.0
0.0
0.0
0.0
9.0
0.0
25.0
0.0
11.0
0.0
0.0
21.0
12.0
23.0
0.0
30.0
0.0
0.0
32.0
0.0
9.0
19.0
0.0
16.0
20.0
0.0
0.0
6.0
38.0
0.0
16.0
0.0
0.0
0.0
0.0
0.0
9.0
0.0
25.0
0.0
11.0
0.0
0.0
21.0
12.0
23.0
0.0
30.0
0.0
0.0
32.0
0.0
9.0
19.0
0.0
16.0
20.0
0.0
0.0
6.0
38.0
0.0
16.0
0.0
0.0
0.0
0.0
0.0
9.0
0.0
25.0
0.0
11.0
0.0
0.0
21.0
12.0
23.0
0.0
30.0
0.0
0.0
32.0
0.0
9.0
19.0
0.0
16.0
20.0
0.0
0.0
6.0
38.0
0.0
16.0
0.0
0.0
0.0
0.0
0.0
9.0
0.0
25.0
0.0
11.0
0.0
0.0
21.0
12.0
23.0
0.0
30.0
0.0
0.0
32.0
0.0
9.0
19.0
0.0
16.0
20.0
0.0
0.0
6.0
38.0
0.0
16.0
0.0
0.0
0.0
0.0
0.0
9.0
0.0
25.0
0.0
11.0
0.0
0.0
21.0
12.0
23.0
0.0
30.0
0.0
0.0
32.0
0.0
9.0
19.0
0.0
16.0
20.0
0.0
0.0
6.0
38.0
0.0
16.0
0.0
0.0
0.0
0.0
0.0
9.0
0.0
25.0
0.0
11.0
0.0
0.0
21.0
12.0
23.0
0.0
30.0
0.0
0.0
32.0
0.0
9.0
19.0
0.0
16.0
20.0
0.0
0.0
6.0
38.0
0.0
16.0
0.0
0.0
0.0
0.0
0.0
9.0
0.0
25.0
0.0
11.0
0.0
0.0
21.0
12.0
23.0
0.0
30.0
0.0
0.0
32.0
0.0
9.0
19.0
0.0
16.0
20.0
0.0
0.0
6.0
38.0
0.0
16.0
0.0
0.0
0.0
0.0
0.0
9.0
0.0
25.0
0.0
11.0
0.0
0.0
21.0
12.0
23.0
0.0
30.0
0.0
0.0
32.0
0.0
9.0
19.0
0.0
16.0
20.0
0.0
0.0
6.0
38.0
0.0
16.0
0.0
0.0
0.0
0.0
0.0
9.0
0.0
25.0
0.0
11.0
0.0
0.0
21.0
12.0
23.0
0.0
30.0
0.0
0.0
32.0
0.0
9.0
19.0
0.0
16.0
20.0
0.0
0.0
6.0
38.0
0.0
16.0
0.0
0.0
0.0
0.0
0.0
9.0
0.0
25.0
0.0
11.0
0.0
0.0
21.0
12.0
23.0
0.0
30.0
0.0
0.0
32.0
0.0
9.0
19.0
0.0
16.0
20.0
0.0
0.0
6.0
38.0
0.0
16.0
0.0
0.0
0.0
0.0
0.0
9.0
0.0
25.0
0.0
11.0
0.0
0.0
21.0
12.0
23.0
0.0
30.0
0.0
0.0
32.0
0.0
9.0
19.0
0.0
16.0
20.0
0.0
0.0
6.0
38.0
0.0
16.0
0.0
0.0
0.0
0.0
0.0
9.0
0.0
25.0
0.0
11.0
0.0
0.0
21.0
12.0
23.0
0.0
30.0
0.0
0.0
32.0
0.0
9.0
19.0
0.0
16.0
20.0
0.0
0.0
6.0
38.0
0.0
16.0
0.0
0.0
0.0
0.0
0.0
9.0
0.0
25.0
0.0
11.0
0.0
0.0
21.0
12.0
23.0
0.0
30.0
0.0
0.0
32.0
0.0
9.0
19.0
0.0
16.0
20.0
0.0
0.0
6.0
38.0
0.0
16.0
0.0
0.0
0.0
0.0
0.0
9.0
0.0
25.0
0.0
11.0
0.0
0.0
21.0
12.0
23.0
0.0
30.0
0.0
0.0
32.0
0.0
9.0
19.0
0.0
16.0
20.0
0.0
0.0
6.0
38.0
0.0
16.0
0.0
0.0
0.0
0.0
0.0
9.0
0.0
25.0
0.0
11.0
0.0
0.0
21.0
12.0
23.0
0.0
30.0
0.0
0.0
32.0
0.0
9.0
19.0
0.0
16.0
20.0
0.0
0.0
6.0
38.0
0.0
16.0
0.0
0.0
0.0
0.0
0.0
9.0
0.0
25.0
0.0
11.0
0.0
0.0
21.0
12.0
23.0
0.0
30.0
0.0
0.0
32.0
0.0
9.0
19.0
0.0
15.0
20.0
0.0
0.0
6.0
38.0
0.0
16.0
0.0
0.0
0.0
0.0
0.0
9.0
0.0
25.0
0.0
11.0
0.0
0.0
21.0
12.0
23.0
0.0
30.0
0.0
0.0
33.0
0.0
9.0
19.0
0.0
15.0
20.0
0.0
0.0
6.0
38.0
0.0
16.0
0.0
0.0
0.0
0.0
0.0
9.0
0.0
25.0
0.0
11.0
0.0
0.0
21.0
12.0
24.0
0.0
30.0
0.0
0.0
33.0
0.0
9.0
19.0
0.0
15.0
20.0
0.0
0.0
5.0
38.0
0.0
16.0
0.0
0.0
0.0
0.0
0.0
9.0
0.0
25.0
0.0
11.0
0.0
0.0
21.0
17.0
25.0
0.0
30.0
0.0
0.0
33.0
0.0
9.0
19.0
0.0
16.0
20.0
0.0
0.0
6.0
39.0
0.0
16.0
0.0
0.0
0.0
0.0
0.0
9.0
0.0
26.0
0.0
9.0
0.0
0.0
21.0
26.0
22.0
0.0
26.0
0.0
2.0
35.0
0.0
6.0
19.0
0.0
17.0
17.0
0.0
0.0
4.0
38.0
0.0
16.0
0.0
4.0
0.0
0.0
0.0
9.0
0.0
24.0
0.0
15.0
0.0
0.0
17.0
49.0
36.0
3.0
26.0
0.0
4.0
38.0
5.0
8.0
22.0
0.0
16.0
23.0
0.0
0.0
4.0
41.0
0.0
15.0
4.0
6.0
0.0
8.0
4.0
19.0
0.0
21.0
0.0
